date,tone,positive,negative,polarity,active_den,self_den,price
2016-02-01 09:45:00,-0.6200844496181692,2.6883234157604052,3.3084078653785745,5.996731281138981,23.238666150414584,1.1572877896940597,765.39
2016-02-01 10:00:00,-1.2195762119712625,2.667099242606102,3.886675454577366,6.553774697183465,22.635094984355035,1.2249789218883642,764.28
2016-02-01 10:15:00,-1.4473500443544054,2.4375358225566397,3.8848858669110444,6.322421689467686,22.066082267205264,0.8430916895856438,766.277
2016-02-01 10:30:00,-1.880495494549344,2.5188324598042446,4.399327954353589,6.918160414157831,22.022402613536077,0.7278811099631392,765.75
2016-02-01 10:45:00,-1.3652069583036566,2.516100391820632,3.881307350124287,6.3974077419449165,22.596573422203242,0.9118040287791123,769.9
2016-02-01 11:00:00,0.12707743857067325,3.0507409450283705,2.9236635064576975,5.974404451486067,21.66581956131568,0.8439695781033882,768.71
2016-02-01 11:15:00,-0.6629719485193931,2.7449365690733094,3.4079085175927033,6.152845086666013,22.178324338262552,1.1617221864645961,769.36
2016-02-01 11:30:00,-1.1103017659812184,2.7040782439551685,3.814380009936387,6.518458253891556,22.466121119112785,0.8879165082288096,767.86
2016-02-01 11:45:00,-1.3666654797402822,2.5444869559215992,3.9111524356618808,6.45563939158348,22.78314825589232,0.9208791751422422,769.01
2016-02-01 12:00:00,0.43594544683705594,3.116923409722495,2.680977962885439,5.797901372607933,22.37853968367486,1.0831972908893988,768.72
2016-02-01 12:15:00,0.3018846122959283,3.0960626075934203,2.7941779952974914,5.890240602890913,22.623027482415075,0.906418264356011,769.25
2016-02-01 12:30:00,-0.17748869617777543,2.817619528487589,2.995108224665363,5.812727753152955,21.748447244634143,0.8892228437344832,768.73
2016-02-01 12:45:00,0.30760537238383595,2.9612278808612515,2.6536225084774157,5.614850389338667,22.375297730907292,1.1944970932334142,767.912
2016-02-01 13:00:00,-1.0351598663973962,2.2400622467701625,3.2752221131675587,5.515284359937722,22.32202737496511,0.8003033579371439,768.581
2016-02-01 13:15:00,-0.016471703047146322,3.034611389959064,3.0510830930062096,6.085694482965273,22.374460129959044,1.3304319378634188,770.91
2016-02-01 13:30:00,-0.5924807053369734,2.5725290703908237,3.1650097757277975,5.737538846118621,22.566699483594896,1.096555150337304,774.62
2016-02-01 13:45:00,0.3592217126364987,3.6501257423137727,3.2909040296772734,6.941029771991046,22.993749836093524,1.1218535688968314,774.854
2016-02-01 14:00:00,-0.12566822570558883,2.9780535610549994,3.1037217867605875,6.081775347815586,22.609419919296265,0.881946629480863,775.72
2016-02-01 14:15:00,-0.5261148986332388,2.8102545670142844,3.336369465647522,6.146624032661806,21.366266260923418,1.0311877245429109,770.42
2016-02-01 14:30:00,-0.5149724914679844,2.7167623143546002,3.2317348058225845,5.948497120177184,22.288927592248854,1.0184974004702894,770.317
2016-02-01 14:45:00,-0.29797457507368275,2.7702278584042443,3.0682024334779263,5.838430291882168,22.11368413178494,1.0282228614721598,772.78
2016-02-01 15:00:00,-0.92100738376532,2.8115556339373096,3.732563017702629,6.54411865163994,21.773029802545416,1.0004693108464633,772.47
2016-02-01 15:15:00,-0.39946751131310976,3.198854011982921,3.5983215232960304,6.797175535278953,22.8035400482108,1.283897668509805,771.77
2016-02-01 15:30:00,0.5179735038573839,3.3327559216013967,2.8147824177440133,6.14753833934541,22.577221803994632,1.3073158431820153,771.332
2016-02-01 15:45:00,0.6444117802282211,3.310310705689776,2.6658989254615553,5.976209631151332,22.06591421475818,1.3680931705543529,770.75
2016-02-02 09:45:00,-0.40997616375697166,2.7982378466186346,3.2082140103756074,6.006451856994241,21.868145569576427,0.7807940337629714,797.0
2016-02-02 10:00:00,-0.6319501654037208,2.6397802955702794,3.271730460974001,5.911510756544281,22.700452487861497,1.0093330530639335,802.72
2016-02-02 10:15:00,-0.4876840283219659,2.823805913549627,3.311489941871592,6.1352958554212185,21.577756833913952,0.8449799058819597,802.11
2016-02-02 10:30:00,-0.5002756101224203,2.817572367792257,3.3178479779146763,6.135420345706935,21.640429518097893,1.23338871203302,805.99
2016-02-02 10:45:00,-1.8761293939526562,2.2856855187091107,4.161814912661767,6.4475004313708775,22.25070595133888,1.1207265760942389,807.26
2016-02-02 11:00:00,-0.9301824721350391,2.423072119504123,3.3532545916391623,5.776326711143284,23.216365301433434,0.9168337281364598,804.278
2016-02-02 11:15:00,-0.3607226186731013,2.9070756230610098,3.2677982417341127,6.174873864795124,22.422181365665423,1.141547615660153,806.788
2016-02-02 11:30:00,0.022429691983853608,2.9569212004765646,2.9344915084927092,5.8914127089692725,21.522585151672384,1.0292234881071511,806.47
2016-02-02 11:45:00,-0.4263738660549178,2.686172292415751,3.1125461584706695,5.798718450886421,21.729820220985648,0.9767093805545639,809.51
2016-02-02 12:00:00,nan,nan,nan,nan,nan,nan,805.641
2016-02-02 12:15:00,0.32334292589815644,3.1457106466217817,2.8223677207236264,5.9680783673454085,22.123538086643347,0.812799182726556,800.66
2016-02-02 12:30:00,-0.26642706313308295,2.7980597592658714,3.0644868223989534,5.862546581664824,22.17269983290469,0.9100471032377957,798.376
2016-02-02 12:45:00,-0.573874476668636,2.5277167166153554,3.1015911932839915,5.629307909899347,22.09324071429619,1.339965172858233,800.35
2016-02-02 13:00:00,0.1493987737438095,2.8700353017869116,2.7206365280431015,5.590671829830014,21.784612947185547,1.1258085542087126,799.0
2016-02-02 13:15:00,-0.5649161034256153,2.71701997129005,3.281936074715665,5.998956046005716,23.034731053273667,1.003943494755699,799.25
2016-02-02 13:30:00,0.284048812398559,3.077252181815522,2.793203369416965,5.870455551232488,22.80148665271705,1.0878580484435212,793.805
2016-02-02 13:45:00,0.2710708237188246,3.031674310692407,2.7606034869735816,5.792277797665988,21.562986912573447,1.3981047744107604,790.79
2016-02-02 14:00:00,nan,nan,nan,nan,nan,nan,794.14
2016-02-02 14:15:00,0.5222938257322829,3.0727663474393996,2.5504725217071167,5.623238869146517,21.592288731710838,0.9920843834475682,789.161
2016-02-02 14:30:00,0.703989265246951,3.3034934624800534,2.599504197233102,5.902997659713156,21.969788853416933,0.9898119829828922,785.36
2016-02-02 14:45:00,0.8892080576831256,3.472991945238209,2.583783887555083,6.05677583279329,22.54902535663569,1.1649200999417482,787.85
2016-02-02 15:00:00,-0.253671940365219,2.827806747802966,3.081478688168185,5.90928543597115,22.388493416061582,1.080957771915243,783.647
2016-02-02 15:15:00,0.4020855283251936,3.3238216816896173,2.921736153364424,6.24555783505404,22.68264459349398,0.9792764676514312,786.87
2016-02-02 15:30:00,0.0010057478258576403,3.1104837311886886,3.1094779833628308,6.219961714551519,22.108824902297975,0.8805882061948767,786.4
2016-02-02 15:45:00,0.5610033728737618,3.1298564085277585,2.568853035653997,5.698709444181755,21.49885968252535,0.6759551453356019,784.24
2016-02-03 09:45:00,-0.1351117058761568,2.920296307437523,3.05540801331368,5.975704320751204,22.286984314684748,1.128897837348179,777.003
2016-02-03 10:00:00,-0.47324454679706396,2.815386782733652,3.288631329530715,6.104018112264368,23.293341190806544,1.135050007488189,777.72
2016-02-03 10:15:00,-0.4394082373870361,2.9229811637492116,3.3623894011362485,6.285370564885458,24.002035618953876,1.3669329260627918,768.0
2016-02-03 10:30:00,0.4567982291301325,3.519212793724913,3.062414564594781,6.581627358319695,22.530629971199385,1.0261527611511916,758.41
2016-02-03 10:45:00,0.07118525283874502,3.284639636305337,3.213454383466592,6.498094019771928,21.35551939711258,0.74277050972664,763.13
2016-02-03 11:00:00,0.1571087110114769,3.5007537305845626,3.3436450195730854,6.844398750157649,21.812219207612177,0.8906060934656373,764.41
2016-02-03 11:15:00,0.0897673484677115,3.067751687939309,2.977984339471598,6.045736027410907,23.324702654977756,1.535823783575445,755.81
2016-02-03 11:30:00,-0.42075077082357054,2.745190748368785,3.165941519192356,5.9111322675611415,24.211892185862016,1.3505416017269156,759.337
2016-02-03 11:45:00,0.42752318264340095,3.2877580356206635,2.8602348529772628,6.147992888597925,22.926747892445185,1.5862549434647697,763.48
2016-02-03 12:00:00,0.6517529915743544,3.2113840307911805,2.5596310392168267,5.771015070008008,23.74304542418231,1.4031354167605603,760.335
2016-02-03 12:15:00,0.2656991422309891,3.1508379052852806,2.8851387630542913,6.035976668339573,22.289084275019242,0.9083367031410836,755.59
2016-02-03 12:30:00,0.8119626705821388,3.3121051337966176,2.50014246321448,5.8122475970110985,21.50287649080806,1.1587611750493971,753.51
2016-02-03 12:45:00,0.20638656059929228,2.9886219718012383,2.7822354112019467,5.770857383003183,22.197941913803966,1.4283715806973032,752.364
2016-02-03 13:00:00,2.2478987815568465,4.07438666628607,1.8264878847292234,5.900874551015295,23.172796326337487,1.6447461158970211,754.661
2016-02-03 13:15:00,0.45199153463082453,3.4854619011690833,3.0334703665382587,6.518932267707339,22.67946584026224,1.5917750015913923,750.5
2016-02-03 13:30:00,-0.1910023033830254,2.8900294074430266,3.081031710826052,5.971061118269081,21.610238812979986,0.9222355990644809,748.67
2016-02-03 13:45:00,0.35659281903110907,3.172720680848687,2.8161278618175793,5.9888485426662665,22.841576618323003,1.8270559275715281,744.39
2016-02-03 14:00:00,0.7014678209000498,3.1703394652733756,2.468871644373326,5.639211109646703,21.68885883407637,1.2024415173911016,737.22
2016-02-03 14:15:00,0.4121198329922086,3.179833721631457,2.7677138886392485,5.9475476102707034,22.258199053549394,1.237306962035105,745.84
2016-02-03 14:30:00,-0.06691354024784266,2.9912022231233886,3.058115763371231,6.049317986494617,22.308570120660242,1.3251981583575698,752.01
2016-02-03 14:45:00,-0.12664819541125974,2.8973585648805056,3.024006760291769,5.921365325172274,22.930147888207475,1.2859821465032153,756.49
2016-02-03 15:00:00,0.4448490465632066,3.021761265454934,2.576912218891727,5.598673484346662,22.113552251991297,1.3899463695191072,756.94
2016-02-03 15:15:00,0.43814351473915936,3.472278141193191,3.0341346264540303,6.5064127676472205,21.692730862493264,1.129403108645191,756.48
2016-02-03 15:30:00,-0.6163841441745908,2.9616302911247256,3.5780144352993166,6.539644726424044,22.431081764034335,1.2347219051901344,752.137
2016-02-03 15:45:00,-0.030309323715422498,3.140169678527752,3.1704790022431757,6.310648680770927,21.99343514106276,1.0941772175785855,749.132
2016-02-04 09:45:00,0.20620184367034952,2.834947338686253,2.628745495015905,5.463692833702156,22.6955492494851,1.2103924789302012,727.75
2016-02-04 10:00:00,1.142602134303585,3.786786506863363,2.6441843725597782,6.43097087942314,23.110181910722662,1.242739053750053,730.38
2016-02-04 10:15:00,0.23585216134599304,3.166720980820451,2.930868819474458,6.097589800294909,20.977451704176563,1.061115233260049,732.07
2016-02-04 10:30:00,0.18735618389572753,3.2699989682201673,3.0826427843244395,6.352641752544605,22.778299613180625,1.5349433989488424,741.462
2016-02-04 10:45:00,0.9710590485233789,3.3587585799431094,2.387699531419732,5.746458111362841,22.321660244742297,1.0961400433973727,734.14
2016-02-04 11:00:00,0.3815759925659791,3.16397143158964,2.782395439023659,5.946366870613297,22.03003847764704,1.0679803130473295,737.999
2016-02-04 11:15:00,-0.1980482660271946,2.9089806322500538,3.1070288982772496,6.016009530527302,23.378265179017113,1.371109602219124,732.98
2016-02-04 11:30:00,1.0746305936018197,3.431618998434548,2.356988404832728,5.788607403267278,22.449037910404055,1.2277420804850097,732.071
2016-02-04 11:45:00,1.0119240522931068,3.589531644385159,2.5776075920920536,6.1671392364772135,22.178437828178364,1.389665571086819,736.11
2016-02-04 12:00:00,0.7437255778915934,3.220790644652161,2.4770650667605674,5.697855711412728,22.322196831107657,1.4180722491849445,731.785
2016-02-04 12:15:00,0.8333832837639987,3.4145832437078245,2.581199959943828,5.995783203651653,22.268070000954328,0.9383269917221622,734.41
2016-02-04 12:30:00,-0.7117654173794622,2.773534566148806,3.4852999835282668,6.258834549677073,22.31683118275978,1.0310716177638715,730.856
2016-02-04 12:45:00,0.037764582636101246,3.156241365844653,3.1184767832085534,6.27471814905321,22.613857349370484,1.1290921627576043,731.471
2016-02-04 13:00:00,-0.5242822869792492,2.6795103473777697,3.2037926343570184,5.883302981734789,22.393581320146183,1.1484033160101383,730.04
2016-02-04 13:15:00,0.24635029562650945,2.9303740793597757,2.6840237837332657,5.614397863093043,22.480268274636288,1.3323365713850646,733.593
2016-02-04 13:30:00,0.21248771078401885,3.161445471723271,2.948957760939252,6.110403232662524,21.98240484846531,0.7268653564809864,733.48
2016-02-04 13:45:00,nan,nan,nan,nan,nan,nan,729.44
2016-02-04 14:00:00,0.3200216538674537,3.485907750797595,3.1658860969301412,6.651793847727736,22.59356555971347,1.2727999242366816,727.466
2016-02-04 14:15:00,0.2767495907536073,3.3357581943152255,3.059008603561618,6.394766797876843,22.632421501804973,1.2204020387710595,728.0
2016-02-04 14:30:00,1.0614356437703039,3.4808302841879915,2.4193946404176887,5.900224924605682,22.030840899730634,1.2862436757961024,726.35
2016-02-04 14:45:00,0.5985599806751639,3.146469681113363,2.5479097004381996,5.694379381551563,22.76158820711562,0.9624411306344229,724.62
2016-02-04 15:00:00,0.40534327950809057,3.302385086461613,2.897041806953522,6.1994268934151355,21.820164312135784,1.106626405567956,725.04
2016-02-04 15:15:00,0.5005315642690641,3.3757376994140613,2.8752061351449973,6.250943834559056,22.62516471745297,1.5068394931647902,727.381
2016-02-04 15:30:00,0.7078175329678124,3.232300138299826,2.5244826053320137,5.75678274363184,21.76145746870364,1.2316225085594308,726.71
2016-02-04 15:45:00,0.02416598857061253,3.251430081211523,3.227264092640909,6.478694173852429,23.467675594779536,1.5333730233214042,731.381
2016-02-05 09:45:00,-0.7736690057066602,2.9970819692997748,3.7707509750064347,6.767832944306207,21.672030205657684,0.9585403898969161,716.0
2016-02-05 10:00:00,0.30906431246043614,3.3942829610954046,3.0852186486349695,6.479501609730375,21.779285818682084,1.0824794234447563,717.228
2016-02-05 10:15:00,0.8646824050256482,3.6595970245270153,2.794914619501369,6.4545116440283845,22.4224778946415,1.1630647165675354,716.268
2016-02-05 10:30:00,0.2678352790269975,3.019122717750772,2.7512874387237742,5.770410156474547,21.97714134771488,1.868901880573005,710.01
2016-02-05 10:45:00,1.170934147278322,3.522565764587857,2.3516316173095344,5.874197381897391,22.301559388139406,1.273760938082913,713.059
2016-02-05 11:00:00,0.0212418978431711,3.641692277904817,3.620450380061646,7.262142657966461,22.65657801157417,0.9919161618236818,712.44
2016-02-05 11:15:00,0.45938488502969665,3.3587780405438252,2.899393155514127,6.258171196057952,22.499916480628233,1.1106982566808212,708.64
2016-02-05 11:30:00,1.3503222160053778,3.6128338071403947,2.262511591135017,5.875345398275409,22.282977459586952,1.0749629599654156,705.244
2016-02-05 11:45:00,1.2564207203714597,3.3738729030170638,2.117452182645604,5.491325085662669,23.12676775551398,1.3966532720673277,704.125
2016-02-05 12:00:00,0.5313779607558606,3.1665866239057308,2.635208663149868,5.801795287055599,21.933160040439468,1.1224160219897865,709.5
2016-02-05 12:15:00,1.1851914669903745,3.552976567240961,2.367785100250585,5.920761667491546,22.218926853820424,1.960705540123851,704.725
2016-02-05 12:30:00,0.7256530828238696,3.353372949819531,2.627719866995659,5.981092816815193,22.037266532817714,1.4163274522248692,708.98
2016-02-05 12:45:00,0.365137729528688,3.4651345059981464,3.0999967764694585,6.565131282467603,22.215781229047103,1.3253801362505233,711.435
2016-02-05 13:00:00,1.0653446820749657,3.265427258823457,2.2000825767484917,5.465509835571951,22.421446253606987,1.4269285878317532,708.214
2016-02-05 13:15:00,-0.3692315753928865,3.2422982636161173,3.611529839009006,6.853828102625127,22.663246126509783,1.4359073276699037,706.343
2016-02-05 13:30:00,0.21087986224629537,3.350197206480567,3.1393173442342714,6.489514550714837,22.491757921811416,1.0960161703524427,710.49
2016-02-05 13:45:00,0.5098729188227249,3.288977703423674,2.779104784600949,6.068082488024622,23.40316542016219,1.2474317509490795,709.37
2016-02-05 14:00:00,-0.8500634894477898,2.7533850630683507,3.6034485525161393,6.356833615584492,21.64860880047983,1.0259603035095914,708.32
2016-02-05 14:15:00,1.4662655794252397,3.8237419089246165,2.3574763294993764,6.181218238423994,22.477310065455704,1.395610790814952,703.14
2016-02-05 14:30:00,-0.14166086035359166,3.287176820870337,3.4288376812239267,6.716014502094265,21.032464459305366,1.0016407484547636,705.17
2016-02-05 14:45:00,0.523208313665327,3.1299801323035457,2.6067718186382187,5.736751950941765,21.873775763246154,1.044335462253108,706.6
2016-02-05 15:00:00,2.08330836947539,4.165685144469855,2.0823767749944624,6.248061919464313,21.694432693170285,0.9788445781591488,706.29
2016-02-05 15:15:00,-0.2223387294150588,2.988903762157381,3.2112424915724382,6.20014625372982,21.769254679961662,1.068685269034303,706.55
2016-02-05 15:30:00,1.127387655204348,3.5633910348395683,2.4360033796352214,5.99939441447479,22.196189223929842,1.6036814204712142,707.93
2016-02-05 15:45:00,0.7562491365789293,3.0436927626325883,2.287443626053658,5.331136388686246,22.190314659652405,1.1228479423561413,705.0
2016-02-08 09:45:00,-0.6845136935853556,2.76164669034889,3.4461603839342443,6.207807074283134,23.00042363119953,1.2359617247441885,696.562
2016-02-08 10:00:00,2.275372946982087,4.031732079316248,1.7563591323341636,5.7880912116504115,23.491961601167688,1.4204787132647343,696.795
2016-02-08 10:15:00,nan,nan,nan,nan,nan,nan,698.69
2016-02-08 10:30:00,0.4550888770254382,3.073195779331045,2.618106902305608,5.691302681636655,22.684993242319933,0.9579519096602327,693.39
2016-02-08 10:45:00,0.5826631270750674,3.020046908358892,2.437383781283824,5.457430689642718,22.28428290076195,1.321053184561945,694.525
2016-02-08 11:00:00,0.4043837989196016,3.283255349811716,2.8788715508921165,6.162126900703834,23.034116293662443,0.8338208323292315,693.17
2016-02-08 11:15:00,0.7472992667021473,3.248979029027721,2.5016797623255753,5.750658791353293,21.421959148797296,1.6049016365335982,688.66
2016-02-08 11:30:00,-0.30896040754291254,2.8391869331811517,3.1481473407240648,5.987334273905217,22.282163322269376,1.4486644281084091,687.13
2016-02-08 11:45:00,0.6927133157321677,3.388601693221098,2.69588837748893,6.084490070710027,21.7794509111158,1.5312191530012211,686.12
2016-02-08 12:00:00,-0.9962515091557906,2.728537053985084,3.7247885631408724,6.453325617125959,22.235947356809266,1.0494473459339047,691.6
2016-02-08 12:15:00,0.2741184928636192,2.9279911712432836,2.653872678379666,5.581863849622949,21.992697430867352,1.2633501682729928,692.826
2016-02-08 12:30:00,0.7658061404315895,3.2097944040981723,2.443988263666581,5.653782667764755,22.210009466457468,1.2507264434503138,698.0
2016-02-08 12:45:00,0.5280907317695799,3.2573146814179,2.7292239496483193,5.986538631066217,21.943838955815885,1.4573311469797787,693.868
2016-02-08 13:00:00,1.108914399819611,3.4554904009616396,2.346576001142028,5.802066402103667,22.431823535983078,1.030409151739595,690.0
2016-02-08 13:15:00,0.11852675840456181,3.103438612002368,2.9849118535978056,6.088350465600174,22.043569526341667,0.9373141150218905,686.61
2016-02-08 13:30:00,-0.3796410988027145,3.014314998853027,3.3939560976557415,6.408271096508767,22.304290749469608,1.1650600802897253,686.97
2016-02-08 13:45:00,0.0733294316098833,3.045034040685132,2.9717046090752484,6.01673864976038,23.274914538649348,1.3075847089793922,685.7
2016-02-08 14:00:00,0.7875220682065731,3.144014391204689,2.3564923229981156,5.500506714202802,22.16805202646056,1.0152481903788568,688.85
2016-02-08 14:15:00,1.4424696055453847,3.583495284856479,2.141025679311093,5.724520964167574,22.332279943252658,1.1760117267988999,688.85
2016-02-08 14:30:00,0.9617709932156824,3.162246382949727,2.2004753897340454,5.3627217726837735,20.534653527614957,0.9674583529514755,685.939
2016-02-08 14:45:00,0.42460721858493483,3.1444422160542116,2.7198349974692757,5.8642772135234855,21.661995209008342,1.0185580258332205,688.168
2016-02-08 15:00:00,-0.4339770517785624,3.177867637188528,3.6118446889670897,6.789712326155616,22.570380459461497,1.2427130314659511,684.711
2016-02-08 15:15:00,0.3835025289831158,2.8853091502272856,2.5018066212441696,5.387115771471452,22.575787533630262,1.3341276154865789,686.8
2016-02-08 15:30:00,1.0059886335566537,3.1632023729429948,2.157213739386341,5.320416112329337,20.84303920353031,1.4324686876199269,690.067
2016-02-08 15:45:00,1.647557536261858,4.099982181397427,2.4524246451355673,6.552406826532994,21.137410922497132,1.1193379783118254,699.548
2016-02-09 09:45:00,-0.09822893978272029,3.188543661941422,3.2867726017241443,6.475316263665565,21.471276755688372,1.0475758972255067,711.395
2016-02-09 10:00:00,-1.1077741634841227,2.6042963695378787,3.712070533022001,6.316366902559881,22.808589745170607,1.2812435400218158,713.91
2016-02-09 10:15:00,0.015191051696293912,3.126198015347355,3.111006963651062,6.2372049789984185,21.869071014529972,1.056106940722245,716.84
2016-02-09 10:30:00,-0.5412998456659235,2.749833076684284,3.291132922350208,6.040965999034491,21.856285288788843,1.2146785923929535,713.15
2016-02-09 10:45:00,-0.23460034597464277,2.9308753199507405,3.1654756659253827,6.096350985876124,20.24777561151084,1.083895980915405,710.075
2016-02-09 11:00:00,0.784816818872986,2.890543668204691,2.105726849331705,4.996270517536396,21.388011892799476,0.8796902232590844,711.082
2016-02-09 11:15:00,1.0839361947958108,3.2592770862142757,2.1753408914184638,5.4346179776327395,21.938155863292007,1.6287530173619584,714.25
2016-02-09 11:30:00,1.2713045905289908,3.5154242852045754,2.244119694675583,5.759543979880158,21.406802890176596,1.1238621675999223,715.07
2016-02-09 11:45:00,0.6426406136347349,3.1546246588643014,2.5119840452295663,5.666608704093872,22.04673861385125,1.3571729054579342,710.01
2016-02-09 12:00:00,0.9173936048346022,3.1537521308764895,2.2363585260418883,5.390110656918378,21.522846955024608,1.2722522181457183,707.51
2016-02-09 12:15:00,1.028031908683923,3.2748549288805417,2.2468230201966186,5.521677949077161,21.593778137124673,1.1674005878339235,704.99
2016-02-09 12:30:00,0.5742448008437674,2.9769756380813073,2.4027308372375407,5.379706475318846,21.253647560313546,1.0805765211532155,700.0
2016-02-09 12:45:00,-0.11723898109871289,2.9516792681736743,3.068918249272388,6.020597517446062,21.62429426093607,0.9379798973030503,698.21
2016-02-09 13:00:00,0.8931514178988677,3.386998746565643,2.493847328666775,5.880846075232418,22.131601113369005,1.01786894756636,697.0
2016-02-09 13:15:00,0.6454784317248766,3.2747441344491506,2.629265702724274,5.904009837173424,21.89584544065856,1.5286487035822325,691.205
2016-02-09 13:30:00,0.4689337459215919,3.0319417486870934,2.5630080027655016,5.594949751452595,21.718291729869946,1.2155162906339485,692.77
2016-02-09 13:45:00,0.6807712151392646,3.2760527076195802,2.5952814924803156,5.871334200099897,21.93698806082788,1.2644766483797962,693.27
2016-02-09 14:00:00,0.9356357716678836,3.1600378051118785,2.2244020334439947,5.384439838555871,22.44358005512812,1.3504316308125752,695.8
2016-02-09 14:15:00,1.0995723955916379,3.545259337954192,2.445686942362554,5.990946280316746,22.378069180380066,1.1669391346806886,702.539
2016-02-09 14:30:00,1.3978001326134,3.689368096916962,2.291567964303562,5.9809360612205245,22.192270548181643,1.4606345332563806,701.08
2016-02-09 14:45:00,1.2128209348606316,3.6142415191014132,2.4014205842407805,6.015662103342195,22.492586670518076,1.2738807178663658,706.86
2016-02-09 15:00:00,1.9063613539364335,3.890759576666508,1.9843982227300727,5.875157799396582,21.766351537629685,1.776832538724184,704.976
2016-02-09 15:15:00,-0.0019726407615297654,2.855720407143638,2.8576930479051676,5.713413455048807,21.347263732784363,1.2346042627010085,708.424
2016-02-09 15:30:00,1.7414842799513361,3.7404992062262203,1.9990149262748826,5.739514132501104,22.016447333558485,1.3582676251045445,703.2
2016-02-09 15:45:00,0.7206572063137757,3.5089962036862796,2.7883389973725037,6.297335201058783,21.20643292339893,1.7093816258613408,700.74
2016-02-10 09:45:00,-0.618366053797713,2.955688754808272,3.574054808605987,6.529743563414259,22.415345703814364,1.5221603454980583,709.53
2016-02-10 10:00:00,0.37521377163417496,3.129704640410447,2.754490868776271,5.884195509186718,22.691835791695855,1.0750849253849712,716.77
2016-02-10 10:15:00,0.7041126538836779,3.3901501102018328,2.6860374563181555,6.0761875665199865,22.22072094018625,1.0275894953953488,716.3
2016-02-10 10:30:00,-0.5482887552850672,2.744439194751609,3.2927279500366757,6.0371671447882855,22.17473198233902,0.8753065034904838,720.77
2016-02-10 10:45:00,0.3283648269481686,3.1044590560921947,2.776094229144026,5.880553285236221,22.39293164293808,1.1068880449839273,715.83
2016-02-10 11:00:00,-0.9657548946084409,2.765653347712167,3.731408242320608,6.497061590032778,22.322174269360186,0.7348074518196557,713.0
2016-02-10 11:15:00,0.6664976891593425,2.987858726187346,2.3213610370280042,5.309219763215349,22.121582174839467,1.348955720586518,711.27
2016-02-10 11:30:00,-0.1373360533973845,2.950931686252513,3.0882677396498965,6.039199425902407,21.971308094207696,0.9775869038893248,711.802
2016-02-10 11:45:00,0.1383497304153407,2.8922768638555185,2.753927133440179,5.6462039972956966,22.569932831846593,1.2267931872988482,711.189
2016-02-10 12:00:00,-0.07639002306318926,2.822333627998432,2.898723651061622,5.721057279060054,22.56437595388421,1.1695752225885063,714.0
2016-02-10 12:15:00,-0.4362958320936116,2.907767154860289,3.344062986953901,6.251830141814192,22.535567395995713,0.8411114634227934,712.63
2016-02-10 12:30:00,-1.1588197541893945,2.6024846532750705,3.761304407464464,6.363789060739535,22.95827702247815,1.20950058561438,715.67
2016-02-10 12:45:00,0.3719455098470241,3.2452688783941195,2.8733233685470965,6.118592246941218,22.188157766370992,1.3250656306657174,718.23
2016-02-10 13:00:00,0.02366062279544827,3.3639571340677925,3.340296511272345,6.7042536453401365,22.462795401344877,1.065585585187157,720.33
2016-02-10 13:15:00,nan,nan,nan,nan,nan,nan,717.788
2016-02-10 13:30:00,-0.21797150448921815,2.6691069853633915,2.8870784898526094,5.556185475216003,22.79639789996646,0.9557772393931743,715.5
2016-02-10 13:45:00,nan,nan,nan,nan,nan,nan,718.49
2016-02-10 14:00:00,0.639875856640426,3.124221506346376,2.4843456497059497,5.6085671560523265,21.466144282076122,0.9878120004713304,715.3
2016-02-10 14:15:00,0.6873115810400195,3.0232004283835137,2.3358888473434933,5.359089275727006,22.503906743155316,1.5385642552329284,716.33
2016-02-10 14:30:00,0.5809033332129112,3.239082667455546,2.6581793342426328,5.897262001698177,22.21723092822364,1.2522913084283662,716.963
2016-02-10 14:45:00,0.14236829045295854,2.9123666379718323,2.7699983475188734,5.6823649854907075,22.264000110347492,1.1326555546685089,714.14
2016-02-10 15:00:00,0.6942852645307197,3.097844441062222,2.4035591765315036,5.501403617593727,21.527806112472298,0.9059038173377657,712.27
2016-02-10 15:15:00,0.5678761124820131,3.002548040746517,2.4346719282645046,5.437219969011021,21.386174179492667,1.0070171798608054,710.19
2016-02-10 15:30:00,-0.066730173497948,2.9956368710240038,3.0623670445219515,6.058003915545957,21.659048759635898,1.001319884984469,707.25
2016-02-10 15:45:00,0.5605110596056605,3.4224977749458887,2.861986715340228,6.284484490286115,22.13244508268151,0.9729796442991491,706.93
2016-02-11 09:45:00,0.15233769257930493,3.221961784361544,3.069624091782239,6.291585876143786,22.554578277513905,1.0661884829397525,699.64
2016-02-11 10:00:00,-0.8086535568281795,2.6907909872874454,3.499444544115624,6.190235531403071,22.068370588805816,0.9791819439217999,701.82
2016-02-11 10:15:00,0.13611201834231057,3.1506931463359,3.01458112799359,6.165274274329492,22.60591786548531,1.289983641643777,704.525
2016-02-11 10:30:00,0.6959810260962447,3.221338571607662,2.525357545511417,5.746696117119079,21.228847924820162,0.9961159617080365,697.06
2016-02-11 10:45:00,-0.1838728180419579,2.8086008800029245,2.992473698044883,5.801074578047809,22.259285238996565,0.9277819431864698,695.73
2016-02-11 11:00:00,-0.31062018289635,2.842006362751664,3.1526265456480145,5.994632908399681,22.601042020858124,1.019700439801567,696.03
2016-02-11 11:15:00,0.6250247396224139,3.208547476142122,2.583522736519708,5.792070212661831,21.508503268078446,1.2393853475670547,693.251
2016-02-11 11:30:00,0.6876492856138487,3.2003880791491706,2.5127387935353225,5.71312687268449,22.912002436221403,1.3861276402480143,693.53
2016-02-11 11:45:00,-0.16798591328857082,2.7973540062524944,2.9653399195410644,5.762693925793559,21.370652621985318,1.180970096528513,695.02
2016-02-11 12:00:00,0.15211894784678476,3.146125864053543,2.9940069162067573,6.140132780260301,23.311357502922746,1.3820560749517743,696.07
2016-02-11 12:15:00,-1.0707950244172186,2.7681324928501914,3.8389275172674084,6.6070600101176,21.4504613859041,1.0178856676269996,695.98
2016-02-11 12:30:00,-0.5446530207269171,2.8434579682146306,3.388110988941548,6.231568957156179,23.492789752398682,1.4236014964217187,693.017
2016-02-11 12:45:00,-0.06122318590203119,3.1155345145342466,3.176757700436277,6.292292214970525,22.670756714741945,1.3421440048801285,693.03
2016-02-11 13:00:00,-0.8861763966580996,2.663167720372825,3.5493441170309237,6.21251183740375,22.31249752336575,1.4199970068048968,697.22
2016-02-11 13:15:00,-0.4756097372825958,2.8037867256089974,3.2793964628915924,6.083183188500588,22.195464844835914,1.2932276127090832,697.67
2016-02-11 13:30:00,-1.117682867596274,2.5357900858512425,3.653472953447517,6.189263039298759,21.847492602375116,1.1380417488116805,698.27
2016-02-11 13:45:00,-1.0011244857303019,2.6350223505962225,3.636146836326523,6.271169186922748,21.643122289760417,1.1080599678466947,699.157
2016-02-11 14:00:00,-0.5581256815068204,2.9841124002187986,3.542238081725618,6.526350481944417,22.076775252303452,1.242931033126695,696.88
2016-02-11 14:15:00,0.18816576472499427,3.11919329928897,2.931027534563976,6.050220833852947,22.669756002002565,1.3256116283767931,697.699
2016-02-11 14:30:00,-1.31208778517462,2.4466169175446324,3.7587047027192524,6.2053216202638835,22.340954405598303,1.6191050809058303,694.91
2016-02-11 14:45:00,-0.5055345482500845,2.8601172637865653,3.365651812036649,6.225769075823213,22.285290677326092,1.4397487735153152,697.7
2016-02-11 15:00:00,-1.0558464224317692,2.61195728104736,3.667803703479129,6.279760984526489,22.7774848806794,1.487590249138692,701.751
2016-02-11 15:15:00,-0.10208796197660672,2.865263552800418,2.967351514777024,5.832615067577442,22.14160418601179,1.2362384006669467,706.04
2016-02-11 15:30:00,-0.6098822991023978,2.904096382001975,3.5139786811043714,6.418075063106349,21.92492218011298,1.27015772849907,707.26
2016-02-11 15:45:00,0.00031014872532670825,3.1092442547588623,3.1089341060335354,6.218178360792399,21.705760542867456,1.218310354120792,710.57
2016-02-12 09:45:00,-0.8022096785690443,2.637853216742443,3.4400628953114865,6.077916112053929,21.602735588756175,1.135664231229,711.223
2016-02-12 10:00:00,-0.00869606397387314,3.366817233867926,3.3755132978418,6.742330531709727,22.06551682494529,1.2674501896497872,711.55
2016-02-12 10:15:00,-1.9516245636188985,2.6628938190405504,4.614518382659447,7.277412201700001,22.699342813270288,1.461497051600826,710.74
2016-02-12 10:30:00,0.22835787892882797,3.164300170620544,2.935942291691717,6.100242462312259,22.578596264240556,1.429980353142106,710.15
2016-02-12 10:45:00,1.6693607753110764,3.8001791473858324,2.1308183720747556,5.930997519460587,22.610563874803226,1.0030563235333019,705.45
2016-02-12 11:00:00,0.3113474891143507,3.3455752630422078,3.034227773927855,6.3798030369700625,23.134349060570507,1.4678653820439214,704.96
2016-02-12 11:15:00,0.26465852925421574,3.6037452333261166,3.3390867040719003,6.942831937398019,21.31539041830172,1.0481593640153046,710.17
2016-02-12 11:30:00,-0.5667875391796048,2.934670887930507,3.5014584271101126,6.4361293150406205,22.16673880788271,1.2284193214870696,712.0
2016-02-12 11:45:00,0.2653069488937706,3.223382591442948,2.958075642549177,6.1814582339921245,22.733243379269584,1.1841767379680739,709.61
2016-02-12 12:00:00,-0.2063564083674189,2.8832338925542245,3.0895903009216434,5.972824193475868,22.834891948135347,1.8010706036163127,707.99
2016-02-12 12:15:00,nan,nan,nan,nan,nan,nan,707.1
2016-02-12 12:30:00,0.44073488959111745,3.357713755889165,2.916978866298048,6.274692622187215,22.973925111939142,1.2863393243925374,707.86
2016-02-12 12:45:00,0.7630085586331836,3.34503996296063,2.5820314043274464,5.927071367288077,21.79507275476823,1.5311694373205258,708.43
2016-02-12 13:00:00,-0.13792672547637727,2.873141596890827,3.0110683223672026,5.88420991925803,23.187332189161573,1.2198619320714215,706.203
2016-02-12 13:15:00,-0.07173299510169376,3.4291031019432654,3.5008360970449597,6.929939198988223,22.639576514299875,1.2966515278792041,702.49
2016-02-12 13:30:00,-0.8982986458500352,3.100862471025158,3.999161116875193,7.100023587900349,21.509739514883975,1.032173060672522,703.396
2016-02-12 13:45:00,0.15153092348302902,3.2126570563624317,3.0611261328794015,6.273783189241832,23.05053750718717,1.2971511904855901,705.11
2016-02-12 14:00:00,0.5927311604097653,3.121158477024068,2.5284273166143025,5.649585793638371,22.245065047449692,1.2509942016374176,705.327
2016-02-12 14:15:00,0.1255349297071583,3.4275042080494815,3.3019692783423236,6.7294734863918055,22.246325828978314,1.284648735075553,707.9
2016-02-12 14:30:00,0.3257243248306081,3.1561538828549436,2.8304295580243353,5.986583440879279,21.941178782728453,1.3438309787315765,708.12
2016-02-12 14:45:00,-0.05615408451886041,3.2672653298882763,3.3234194144071383,6.590684744295414,22.230851907650024,1.2561403724261038,707.176
2016-02-12 15:00:00,1.4025190654255826,3.4198082442266755,2.0172891788010934,5.4370974230277715,21.93691893031365,1.233034757329874,706.065
2016-02-12 15:15:00,0.14995834405213124,3.347768519337883,3.197810175285754,6.545578694623638,22.067351782946858,1.0824502615211287,707.016
2016-02-12 15:30:00,0.2333312121120023,3.0229197310291807,2.7895885189171787,5.812508249946359,21.946018948781695,1.393289079187602,706.14
2016-02-12 15:45:00,0.10877584699376153,3.252173845381116,3.143397998387355,6.395571843768468,22.825452084139478,1.062218488560135,706.27
2016-02-16 09:45:00,-0.4271552470199962,3.056349562359539,3.4835048093795353,6.5398543717390725,21.52981024504381,0.9339918746132634,722.372
2016-02-16 10:00:00,-0.20584098809920684,2.667662229011956,2.8735032171111627,5.541165446123119,21.665068553846517,1.2904293407796903,721.36
2016-02-16 10:15:00,-2.285743403396058,2.1170161645512127,4.40275956794727,6.519775732498486,21.583212152419186,1.0245989434753051,718.29
2016-02-16 10:30:00,-0.006638995880624911,3.1122792297068096,3.118918225587433,6.231197455294243,21.92931828474835,1.214159537854366,713.832
2016-02-16 10:45:00,-0.11369539902939768,3.107450109782073,3.221145508811469,6.3285956185935435,22.94895525490304,1.394270141165022,715.1
2016-02-16 11:00:00,1.0097236251906,3.4915941879409047,2.4818705627503026,5.973464750691206,23.337925403417593,1.3839325587944649,712.71
2016-02-16 11:15:00,1.2841068126980504,3.4872852284580467,2.203178415759997,5.690463644218045,22.115432078308118,1.1417813028453063,711.75
2016-02-16 11:30:00,0.23268794314241856,3.229495667297665,2.9968077241552473,6.226303391452914,22.333337651543957,1.4622004477613815,713.1
2016-02-16 11:45:00,0.0820534958934638,3.1389947016670843,3.0569412057736196,6.195935907440706,22.61570324411466,1.1570177239731936,715.0
2016-02-16 12:00:00,-0.6398401222016096,2.937179693510774,3.5770198157123834,6.5141995092231575,21.670518667160955,1.1332379572060576,715.178
2016-02-16 12:15:00,0.40771712502531665,3.315707535573901,2.907990410548585,6.223697946122483,22.82702557495317,1.4954166335399053,713.734
2016-02-16 12:30:00,0.678875392510532,3.210558086313554,2.5316826938030217,5.742240780116576,20.671625950028375,1.4057925744198907,714.91
2016-02-16 12:45:00,-1.0766071145482483,2.747281148289283,3.8238882628375315,6.5711694111268155,21.09418885623338,1.4811457942412836,713.895
2016-02-16 13:00:00,0.5126626090776307,3.5157666950951807,3.0031040860175513,6.518870781112733,22.449406475349452,1.4244340847331018,715.39
2016-02-16 13:15:00,-0.639212492779352,2.8036672176390893,3.4428797104184414,6.246546928057527,23.15964690448471,0.8485814563056965,715.815
2016-02-16 13:30:00,-0.3766450496558465,2.9440687276162407,3.3207137772720885,6.264782504888329,21.915193168217787,1.1035936559513637,715.62
2016-02-16 13:45:00,0.27851408586125065,3.2630777703579033,2.984563684496653,6.24764145485456,21.124419986334015,1.503902987197383,716.138
2016-02-16 14:00:00,-0.04956334758643588,3.198100016549194,3.2476633641356303,6.445763380684822,21.27423159132418,1.1993284426109687,716.941
2016-02-16 14:15:00,0.0602795295701055,3.132492171046952,3.072212641476848,6.204704812523803,21.546711471607633,0.8399947548380154,716.5
2016-02-16 14:30:00,0.49519089099161173,3.0765170391280026,2.58132614813639,5.657843187264392,22.023116036087337,1.2888636317774094,715.91
2016-02-16 14:45:00,0.5511856563716779,3.2883742875324247,2.7371886311607474,6.02556291869317,22.67237549943853,1.3743766552836616,716.21
2016-02-16 15:00:00,0.4330799922445388,3.349077663018268,2.9159976707737276,6.265075333791996,22.881327502513543,1.4236422214382447,717.39
2016-02-16 15:15:00,1.2584958073270065,3.631721018916652,2.3732252115896455,6.0049462305063,22.749830019571494,2.025978289137531,717.77
2016-02-16 15:30:00,0.6544867120428837,3.4127322911087363,2.758245579065854,6.170977870174589,22.048425761068597,1.30541412368237,716.709
2016-02-16 15:45:00,0.9247306204177277,3.563496496930931,2.638765876513203,6.202262373444136,23.277112875560206,1.3944322039762769,715.238
2016-02-17 09:45:00,-0.7112746529715566,2.920372477645953,3.6316471306175067,6.552019608263462,21.197758807932196,0.9156092649775831,718.63
2016-02-17 10:00:00,0.43883452699279235,3.209977499222509,2.7711429722297165,5.9811204714522255,22.82913230135734,1.2865111068469912,722.48
2016-02-17 10:15:00,0.03831242205744509,3.0985039919577617,3.060191569900315,6.158695561858075,21.72773166993042,1.4816503431528398,723.69
2016-02-17 10:30:00,0.4964117342914985,3.4558365223352965,2.9594247880437985,6.415261310379094,23.18949921349752,1.5447396239670421,723.05
2016-02-17 10:45:00,0.6033357123320227,3.1738559933483526,2.570520281016329,5.744376274364681,23.001928769497113,1.3357646319336234,722.88
2016-02-17 11:00:00,-0.4452522258374748,2.7926671033169934,3.237919329154468,6.030586432471461,22.935326628865774,1.5033282837803195,724.772
2016-02-17 11:15:00,-0.48140820033231896,3.0908161181875116,3.572224318519831,6.663040436707339,21.562634558981166,1.343341468425323,725.423
2016-02-17 11:30:00,0.05117275426879462,2.8023443127653724,2.7511715584965772,5.5535158712619515,22.807330824534418,1.3596819698338343,726.861
2016-02-17 11:45:00,-0.9139197248585351,2.7962695724778728,3.7101892973364077,6.506458869814281,22.931191669033247,1.1866646679824862,727.97
2016-02-17 12:00:00,-0.16406740110217508,2.7306895105100812,2.8947569116122556,5.625446422122339,21.142602586607975,1.1113567739358738,726.64
2016-02-17 12:15:00,0.19373593326667404,3.154481090966886,2.960745157700211,6.1152262486670965,21.98038643993637,1.3645926124460546,727.01
2016-02-17 12:30:00,0.6145897816046052,2.980697569957396,2.3661077883527897,5.346805358310186,22.73370213868122,1.441428549192773,730.023
2016-02-17 12:45:00,0.15617538700452796,3.388262509463974,3.232087122459446,6.620349631923419,22.407116205275628,0.94703955584625,730.64
2016-02-17 13:00:00,0.779727932517628,3.1805551676867445,2.4008272351691167,5.581382402855861,22.76100999546957,1.1965190224990618,730.93
2016-02-17 13:15:00,0.7572037577011602,3.319645760820139,2.562442003118979,5.882087763939119,21.784274416657368,1.2418082947570073,731.04
2016-02-17 13:30:00,-0.24258542827821264,2.5496439453183517,2.7922293735965646,5.341873318914916,22.100081712484613,1.4162887777170734,730.445
2016-02-17 13:45:00,0.4883532653969923,3.299185467051878,2.8108322016548866,6.1100176687067655,23.06342467652639,1.7578058293873062,728.8
2016-02-17 14:00:00,0.4635233463015366,3.393394047303768,2.9298707010022316,6.323264748305999,21.884264905094955,1.5515433113619017,728.42
2016-02-17 14:15:00,-0.12908795016677388,3.3610105480180534,3.490098498184827,6.851109046202879,22.157894961372552,0.9661485309699323,730.87
2016-02-17 14:30:00,0.37645469030991374,3.303786216222422,2.927331525912509,6.231117742134932,21.61685895998579,1.125488310986892,730.61
2016-02-17 14:45:00,0.06487658438174783,3.150284445658955,3.0854078612772073,6.235692306936165,22.45193702632909,0.9106481824084458,731.6
2016-02-17 15:00:00,0.572399587733394,3.198984102614469,2.6265845148810754,5.825568617495545,22.45422107972864,1.1052170325555584,730.61
2016-02-17 15:15:00,0.43794144140381475,2.847874782251006,2.4099333408471924,5.257808123098197,22.130300553039476,1.5835434523140093,730.68
2016-02-17 15:30:00,1.3476814170666256,3.448855018555819,2.1011736014891933,5.550028620045012,21.94808649128708,0.9127938814553482,730.12
2016-02-17 15:45:00,0.6623059103024588,3.255564737501901,2.59325882719944,5.848823564701342,22.20522066058557,1.0769863588202726,732.908
2016-02-18 09:45:00,-0.8289777553136751,2.680911595488186,3.509889350801861,6.1908009462900475,22.14649472167081,0.7882150413520315,734.65
2016-02-18 10:00:00,-0.3488991525258651,2.7939707046849462,3.142869857210812,5.936840561895756,21.26654221170523,1.0559127768508645,727.02
2016-02-18 10:15:00,-0.09880347816393388,2.941008880904493,3.039812359068427,5.98082123997292,22.782675911069596,1.3027370018062037,727.11
2016-02-18 10:30:00,-0.4684216547934975,2.8449378516525403,3.313359506446035,6.158297358098576,22.273781242232246,1.1089233212937937,729.08
2016-02-18 10:45:00,1.0062259224786434,3.3463210310162985,2.3400951085376542,5.6864161395539545,21.533746567659378,1.077225016954836,725.25
2016-02-18 11:00:00,-0.14721454211200408,2.906273338701477,3.0534878808134818,5.959761219514959,21.91808870625216,1.0017076159046092,721.894
2016-02-18 11:15:00,-0.04868916440085563,2.783369831551213,2.83205899595207,5.615428827503285,21.791995315562158,1.2131465220623423,722.54
2016-02-18 11:30:00,0.28703586049792856,3.3305841779806724,3.043548317482742,6.374132495463415,22.896610366030735,1.2623678004403078,723.66
2016-02-18 11:45:00,-0.966553903998507,3.178671840841713,4.1452257448402205,7.323897585681931,23.561201997949905,0.8296518981210955,723.564
2016-02-18 12:00:00,-1.5491287741352877,2.3431950541210997,3.892323828256387,6.235518882377486,22.90979364065278,0.7136801184939071,724.88
2016-02-18 12:15:00,0.36560301662381595,2.9376360055733017,2.572032988949485,5.5096689945227855,22.30318507158905,1.0098802217098557,723.857
2016-02-18 12:30:00,0.042594642196239894,2.8861242863289833,2.843529644132744,5.729653930461728,21.674994539079236,1.1689061812128465,724.03
2016-02-18 12:45:00,-0.3023982942533127,2.7281550262624314,3.0305533205157436,5.758708346778175,22.511447475566865,1.3041437251384087,722.27
2016-02-18 13:00:00,0.1068686590041562,3.2008796746713983,3.09401101566724,6.294890690338638,22.730891248968316,1.3914509533943629,721.769
2016-02-18 13:15:00,0.29642976205737925,3.2908001542260146,2.9943703921686367,6.285170546394652,23.114676235182408,1.4210303667776523,721.79
2016-02-18 13:30:00,0.2473061527922598,2.9259439272932526,2.678637774500991,5.604581701794243,23.194801599736934,1.4796670668655152,720.64
2016-02-18 13:45:00,1.0022446881312337,3.17397898198683,2.1717342938555966,5.345713275842428,21.857531433382558,1.2392723749598757,719.42
2016-02-18 14:00:00,0.07513171776582098,3.121673688974509,3.046541971208686,6.168215660183195,23.051560157172013,1.2069871260266647,719.27
2016-02-18 14:15:00,-0.7695391977719481,2.8596488519119094,3.6291880496838576,6.488836901595767,20.975175170957055,0.8408454480789814,719.028
2016-02-18 14:30:00,-0.5936186990125715,2.8305991102952506,3.424217809307823,6.254816919603075,22.553791684698616,1.405615107213297,722.05
2016-02-18 14:45:00,0.008287216890062543,3.1771004464590438,3.168813229568981,6.345913676028023,23.27446229990283,1.0967080832667173,722.18
2016-02-18 15:00:00,0.21858299796370262,3.257334378573315,3.038751380609613,6.296085759182932,22.454577165339757,1.0817358596514632,721.79
2016-02-18 15:15:00,-0.18571355679011725,2.982076122345286,3.167789679135403,6.149865801480691,21.641350703368573,1.0828158436118716,718.96
2016-02-18 15:30:00,0.28382193833321273,3.2895320029924044,3.0057100646591906,6.295242067651596,22.543461819744756,1.3314602660754842,718.67
2016-02-18 15:45:00,-0.6331106155347586,2.765134484954455,3.3982451004892127,6.163379585443671,22.74455268315576,1.3818284987855762,716.2
2016-02-19 09:45:00,0.24596535830016286,3.1711156677090178,2.9251503094088545,6.09626597711787,23.920988007737446,1.3827003025890667,715.718
2016-02-19 10:00:00,-0.8191624423173154,2.9667456058831454,3.7859080482004597,6.752653654083605,23.725555939265593,1.2044250460344916,717.56
2016-02-19 10:15:00,-0.24931132105051043,2.9559860080552967,3.2052973291058064,6.161283337161103,22.724980076908718,1.3382703417294324,720.42
2016-02-19 10:30:00,0.1971587500845229,2.9596015239350715,2.7624427738505477,5.722044297785619,23.476908224289073,1.1062954004378602,721.51
2016-02-19 10:45:00,-0.6605937261986105,2.88306301783262,3.5436567440312303,6.426719761863847,21.346942884898944,0.9533223434647217,722.293
2016-02-19 11:00:00,-1.8001848256677344,2.330528420285773,4.130713245953507,6.461241666239281,22.782701763332728,0.8019813501599709,721.003
2016-02-19 11:15:00,-0.9503413932398231,2.677595317031199,3.6279367102710207,6.30553202730222,21.94295659841851,0.7736667552828159,720.26
2016-02-19 11:30:00,-0.3991009821737773,2.9962197864227433,3.395320768596521,6.391540555019264,22.756861374668155,1.2189571378412924,723.23
2016-02-19 11:45:00,-0.6995669276482324,2.7903752724126605,3.489942200060893,6.280317472473553,22.41418117905187,0.8713147417287627,723.781
2016-02-19 12:00:00,-1.215982010291891,2.6892573317338693,3.9052393420257614,6.594496673759632,22.41762958149578,0.7993582128663479,720.804
2016-02-19 12:15:00,0.6124886420544016,3.249842485434793,2.6373538433803905,5.887196328815184,22.575765897686818,1.6155725936303864,721.1
2016-02-19 12:30:00,-0.09591568493539165,3.1625929305020297,3.2585086154374214,6.421101545939451,22.146960011092517,1.2853146639327317,721.77
2016-02-19 12:45:00,-0.7984214979037912,2.946412076683373,3.7448335745871653,6.691245651270539,22.637235837368614,0.8505803319482304,722.773
2016-02-19 13:00:00,-1.3070289773777861,2.8087807507575615,4.115809728135348,6.92459047889291,22.080203933382027,1.0709814654830052,721.513
2016-02-19 13:15:00,-0.9236049174144133,2.8062131905919054,3.7298181080063197,6.536031298598226,22.464706185178407,0.7732226535475699,721.136
2016-02-19 13:30:00,0.061966013427522684,3.082730741163415,3.0207647277358927,6.103495468899308,22.548195505544022,1.3144324579986317,722.277
2016-02-19 13:45:00,-1.1578886468966225,2.963717649768914,4.1216062966655365,7.085323946434451,22.041193731753072,0.9421661259573072,720.88
2016-02-19 14:00:00,-0.9978083977736707,2.6893492254652296,3.687157623238901,6.376506848704131,22.3259630830173,0.6182932855978472,723.046
2016-02-19 14:15:00,-0.9223353696754236,3.0655279491693905,3.9878633188448154,7.0533912680142015,22.75908672731611,1.0191151757073562,721.76
2016-02-19 14:30:00,-0.7852849604674873,3.008719831225904,3.7940047916933923,6.802724622919295,21.586711103328195,0.8946581840612752,721.48
2016-02-19 14:45:00,0.04140753729665715,3.2304306974439245,3.1890231601472663,6.419453857591192,22.357854580512573,1.0458232954745057,721.933
2016-02-19 15:00:00,-0.8064798250722438,2.8408130778948624,3.6472929029671053,6.488105980861967,22.604289200134335,0.9273020667466515,719.782
2016-02-19 15:15:00,-0.648917467453185,2.7060719333206706,3.354989400773857,6.061061334094528,22.596622200102473,0.8983229940581176,721.19
2016-02-19 15:30:00,-0.39759193416227284,3.0717338992894443,3.4693258334517174,6.5410597327411635,21.91317410104647,0.87403708015185,722.28
2016-02-19 15:45:00,-1.0295634843493018,2.8134391442056743,3.8430026285549754,6.656441772760649,22.128113285633567,1.0604305819246755,722.17
2016-02-22 09:45:00,-0.00953604334208749,3.285593403914087,3.295129447256173,6.5807228511702585,22.587588331489073,1.4032410999236669,726.25
2016-02-22 10:00:00,0.39801038496900487,3.2116142370628378,2.813603852093833,6.025218089156669,23.095771333326475,1.062381942396479,725.51
2016-02-22 10:15:00,1.7794177075829878,3.760887788668885,1.9814700810858974,5.742357869754782,21.476151418713425,0.7503477049559248,728.33
2016-02-22 10:30:00,-0.05282010667724672,3.145997511937126,3.1988176186143713,6.3448151305515,23.15978265944239,0.8536219671521699,726.53
2016-02-22 10:45:00,0.6741793879333399,3.358752840946365,2.684573453013023,6.043326293959388,21.981588884568545,1.4216974652364893,727.39
2016-02-22 11:00:00,0.05415225481618306,2.8360024310519405,2.781850176235759,5.617852607287699,23.09035119187013,0.7376819407582182,725.26
2016-02-22 11:15:00,0.05362561632259175,2.9601312056187505,2.9065055892961587,5.866636794914911,22.947172414858038,1.180051164912449,728.891
2016-02-22 11:30:00,0.9679268733404296,3.34150140231241,2.373574528971981,5.715075931284391,22.946644650894907,1.130147489833631,731.46
2016-02-22 11:45:00,1.0056864073652012,3.2514173412752867,2.2457309339100857,5.497148275185372,21.473944694530143,1.4014701737352517,731.21
2016-02-22 12:00:00,0.8856323889193504,3.152648660411017,2.2670162714916673,5.419664931902682,22.3424308502646,1.3416263475661576,734.0
2016-02-22 12:15:00,-0.32351440755300986,2.9942480946146355,3.317762502167645,6.31201059678228,21.807165015804387,0.882831570252818,731.74
2016-02-22 12:30:00,0.9662062020724196,3.3208448422909944,2.3546386402185746,5.675483482509568,22.538875497015386,1.0058531546822291,732.52
2016-02-22 12:45:00,0.9141052035758555,3.4467741000855816,2.532668896509725,5.979442996595307,22.62474421668939,1.283427759694279,731.661
2016-02-22 13:00:00,1.4622979300862036,3.47592830971391,2.013630379627707,5.489558689341616,21.826829199785855,1.3932753930845883,731.277
2016-02-22 13:15:00,0.6226911596620682,2.7002085150157846,2.0775173553537165,4.777725870369502,22.295250341885563,1.344580861903724,731.976
2016-02-22 13:30:00,0.6175408134181358,3.028287555802655,2.4107467423845192,5.439034298187175,22.275576910258014,1.2305449733716975,731.901
2016-02-22 13:45:00,0.13979438431558647,2.91316151058827,2.773367126272684,5.686528636860953,21.569460122269188,1.036853917752299,732.61
2016-02-22 14:00:00,nan,nan,nan,nan,nan,nan,731.59
2016-02-22 14:15:00,1.3465868034742827,3.73397756183691,2.387390758362628,6.121368320199538,21.563327639843692,1.0264184014365256,729.99
2016-02-22 14:30:00,1.1479085642242088,3.575428028461917,2.4275194642377076,6.002947492699623,21.06402302917193,1.0204124352067667,729.57
2016-02-22 14:45:00,0.15017020077293314,3.0917237729274474,2.9415535721545143,6.033277345081961,21.728774025513843,1.1183608317584701,728.91
2016-02-22 15:00:00,1.245086522565255,3.394821611122751,2.1497350885574957,5.544556699680247,21.711984758039552,1.4105054416743779,727.97
2016-02-22 15:15:00,1.6391380534591395,3.6196315527672227,1.9804934993080838,5.600125052075307,21.53969365818468,1.2150086656801309,727.16
2016-02-22 15:30:00,0.6099866136825799,3.2675097603550194,2.657523146672439,5.925032907027456,21.984714588204447,1.3947132975734013,727.79
2016-02-22 15:45:00,1.1847547486891719,3.5563104400787036,2.371555691389531,5.9278661314682335,22.79873057687896,1.2221375256035019,728.29
2016-02-23 09:45:00,0.5816602331600569,2.9173955294228304,2.335735296262773,5.253130825685604,22.116072988819088,0.9372583025952483,729.26
2016-02-23 10:00:00,0.09633408383725246,3.063600091181995,2.9672660073447434,6.0308660985267375,21.92989920764575,1.0309854634085853,726.25
2016-02-23 10:15:00,0.4001945940135675,2.8268709425963587,2.426676348582792,5.253547291179152,22.59626966905501,1.3357231437064414,722.781
2016-02-23 10:30:00,0.21347747544698084,2.753713118477715,2.5402356430307336,5.29394876150845,21.956086560040674,0.9258096790013391,724.37
2016-02-23 10:45:00,0.6177033521974873,2.9833484400277377,2.3656450878302513,5.348993527857989,23.364114126454627,1.2342898004315421,722.75
2016-02-23 11:00:00,0.6507353897659527,2.885650347756115,2.2349149579901626,5.120565305746278,21.606414051640062,1.115493144631459,721.9
2016-02-23 11:15:00,0.6817190027738506,3.1572626013034077,2.4755435985295566,5.632806199832963,21.9974664917681,1.294992404663519,721.61
2016-02-23 11:30:00,0.29331683311750534,2.792733036815089,2.4994162036975838,5.292149240512674,22.124163740889013,1.2587915737167457,721.78
2016-02-23 11:45:00,0.5051702756474366,3.354577981171639,2.849407705524202,6.203985686695841,22.138297593848932,1.207651378460981,723.61
2016-02-23 12:00:00,-0.10404056111574053,2.5513648514449483,2.655405412560688,5.206770264005636,22.47506105948301,0.9543372151983817,722.59
2016-02-23 12:15:00,0.04895193495533141,2.4840948290726397,2.435142894117309,4.919237723189948,22.753302110944574,1.2834920862231454,720.22
2016-02-23 12:30:00,-0.30753560747364866,2.6004557200868934,2.907991327560542,5.508447047647436,21.181392635931402,0.6427837242121144,720.6
2016-02-23 12:45:00,-0.9048982735624949,2.410240650155778,3.3151389237182745,5.7253795738740525,21.18978596218227,0.844705414500288,720.815
2016-02-23 13:00:00,-0.6214595333907249,2.7045924103130585,3.326051943703784,6.030644354016844,21.69361060449856,0.9008974338660963,721.31
2016-02-23 13:15:00,0.8112053465452496,3.0936747078346225,2.282469361289372,5.3761440691239955,22.485339039001605,1.139083369514087,720.63
2016-02-23 13:30:00,0.5960774844651093,3.1918880613161864,2.5958105768510773,5.787698638167263,21.39059395572656,1.0398043158078254,720.36
2016-02-23 13:45:00,0.2705902885585921,3.179473944880853,2.9088836563222618,6.088357601203115,22.122041851813012,0.7894658987767368,718.81
2016-02-23 14:00:00,-0.18500716913651452,2.9592240083950534,3.1442311775315672,6.103455185926622,22.660921518802457,1.1084174602245012,719.78
2016-02-23 14:15:00,0.8259012493705685,3.1695881889514617,2.3436869395808926,5.513275128532353,21.857818322970903,1.225495376267934,719.907
2016-02-23 14:30:00,-0.04097283998583946,2.9644961779702896,3.005469017956129,5.96996519592642,22.717892881561593,1.395084897441941,719.54
2016-02-23 14:45:00,1.583109656317833,3.7403896077838263,2.157279951465992,5.89766955924982,21.202758700338105,1.018963857317657,719.45
2016-02-23 15:00:00,0.9270936654024725,3.0901818879032086,2.1630882225007353,5.253270110403944,22.062005736358472,0.9043271009553012,718.779
2016-02-23 15:15:00,0.39378969766741895,2.9838933049082463,2.590103607240827,5.573996912149072,21.898883035314686,0.8521079278938385,718.792
2016-02-23 15:30:00,0.06864342068625622,2.7260719726895166,2.6574285520032603,5.383500524692776,21.954769371702326,1.316758471762646,720.17
2016-02-23 15:45:00,0.8452868145642837,3.1504703634999847,2.3051835489357013,5.455653912435682,21.88521569161228,1.2875159556121385,720.13
2016-02-24 09:45:00,1.2569451861972574,3.566849967446124,2.309904781248867,5.87675474869499,22.375544103331304,1.2748487913226225,706.54
2016-02-24 10:00:00,-1.194862544342281,2.540081937735733,3.7349444820780144,6.275026419813747,22.437765339932753,0.8843916053919565,706.73
2016-02-24 10:15:00,1.462081352554244,3.46834073910165,2.006259386547407,5.474600125649057,21.7731025726604,1.4531153720637628,705.4
2016-02-24 10:30:00,-0.09777440174972216,3.255310872758624,3.353085274508347,6.608396147266971,21.58707438563021,0.9654273544185531,704.55
2016-02-24 10:45:00,0.47623910967955746,2.929192846247847,2.4529537365682894,5.382146582816138,21.342624380827214,1.0412210919684413,704.99
2016-02-24 11:00:00,0.7967620192315908,3.010601058255396,2.2138390390238056,5.224440097279202,21.44289563240135,1.0741880570641253,704.36
2016-02-24 11:15:00,-0.5051753765276329,2.615390660438249,3.1205660369658803,5.735956697404129,22.486646471427306,1.4420066466985433,702.7
2016-02-24 11:30:00,0.17491159239711465,2.7760286955078683,2.601117103110753,5.3771457986186215,21.527316411259783,0.9994397382234306,703.74
2016-02-24 11:45:00,-0.7936653057652929,2.6219571988537735,3.415622504619065,6.03757970347284,22.13079418771475,0.9590455223724179,706.287
2016-02-24 12:00:00,0.5395331200618632,3.338519462035188,2.798986341973323,6.137505804008513,21.398606776640786,1.2061180223354195,707.19
2016-02-24 12:15:00,-0.16096088153460675,3.1756936853079165,3.336654566842524,6.512348252150439,21.866457970776118,1.1889197848983393,707.356
2016-02-24 12:30:00,0.5750908040636877,3.610248409099954,3.0351576050362645,6.645406014136215,21.24014311621188,0.9515575668547889,706.16
2016-02-24 12:45:00,-0.9322295991658027,2.583136350224272,3.5153659493900746,6.098502299614347,21.51635384529326,0.9264519760576645,706.43
2016-02-24 13:00:00,-0.43836375741232675,3.1666896443059454,3.6050534017182714,6.771743046024217,21.702099778967987,0.9669667283877815,707.15
2016-02-24 13:15:00,-0.5161033466385749,2.9944997083363405,3.5106030549749137,6.505102763311256,21.6692380819421,0.9047442845130951,709.43
2016-02-24 13:30:00,-0.802999999298461,2.897021687251782,3.700021686550241,6.597043373802023,21.87585380336839,1.022437755633078,709.511
2016-02-24 13:45:00,-0.23716624925314503,3.0791082531105753,3.316274502363721,6.395382755474297,23.330163314331415,1.1257932853717778,710.02
2016-02-24 14:00:00,0.5923714637219513,3.399097907930007,2.806726444208056,6.205824352138063,22.34501673468781,0.8627950038816462,711.97
2016-02-24 14:15:00,-0.09537237625849646,3.2718855422793798,3.3672579185378746,6.639143460817255,22.317000524616045,1.0294832555267628,716.721
2016-02-24 14:30:00,-1.60935529595943,2.6905891793560968,4.2999444753155265,6.990533654671624,23.020491788751265,1.151488770403433,718.83
2016-02-24 14:45:00,0.5402185642062771,3.4845731371356776,2.9443545729293987,6.428927710065079,21.587930206975827,1.4415596823982524,717.88
2016-02-24 15:00:00,0.39479566603319893,4.00883968384014,3.61404401780694,7.622883701647081,22.773036974320494,1.1406210304781992,716.32
2016-02-24 15:15:00,-0.006175154973956219,3.073914721682733,3.080089876656689,6.154004598339421,22.62071403678676,1.0756104533718043,720.637
2016-02-24 15:30:00,1.1287179796137896,3.6249226991078936,2.496204719494102,6.121127418601996,22.337771974795057,1.2396377183948784,719.965
2016-02-24 15:45:00,-0.2923580097774806,3.1536671996736874,3.446025209451169,6.599692409124857,22.40866740152103,1.4024400283716434,719.43
2016-02-25 09:45:00,-0.5704109679360186,2.800347289984287,3.370758257920306,6.1711055479045935,22.432442733296455,1.3394975656297767,716.41
2016-02-25 10:00:00,0.08988497445049279,3.3636043326310845,3.2737193581805943,6.63732369081168,22.93248277115837,1.0980352018268429,714.54
2016-02-25 10:15:00,0.0012105788197219007,2.685581984979658,2.684371406159936,5.369953391139593,23.189731150372996,1.3714998623783101,719.16
2016-02-25 10:30:00,1.4334519275580637,3.8018087073359887,2.368356779777925,6.170165487113913,20.513298923129028,0.9754053909703755,718.13
2016-02-25 10:45:00,0.8427749785608826,3.363966861832152,2.52119188327127,5.88515874510342,21.37299499486336,1.386958302159536,721.22
2016-02-25 11:00:00,0.09099815907018062,3.1820218319283504,3.091023672858171,6.273045504786521,22.057781976981587,0.8721902137403842,718.412
2016-02-25 11:15:00,-0.8581181039474889,2.723475225593417,3.581593329540904,6.305068555134323,21.350947377448197,0.9831717059425922,716.92
2016-02-25 11:30:00,0.7519921521583983,3.6548211212430526,2.902828969084654,6.557650090327706,21.96870397836995,0.8948655551521681,720.021
2016-02-25 11:45:00,0.03621833731042962,3.0145504709594193,2.9783321336489887,5.992882604608409,22.048470843219864,1.195017636600719,718.63
2016-02-25 12:00:00,0.19065172052778492,3.352622880302285,3.1619711597744993,6.5145940400767826,23.062431042137185,0.9714733757831796,721.113
2016-02-25 12:15:00,0.6605506526555015,3.3084189688621293,2.6478683162066283,5.9562872850687585,22.40077716787539,1.3874387086810835,722.49
2016-02-25 12:30:00,0.18762680518738448,3.001038354555195,2.8134115493678102,5.814449903923006,21.70559865025308,0.939313651414398,722.13
2016-02-25 12:45:00,-0.17188139468552974,2.992851315506782,3.1647327101923124,6.157584025699095,21.10503329208299,0.7072576714606509,720.43
2016-02-25 13:00:00,0.41215193466285355,3.0730587781022094,2.660906843439355,5.733965621541567,22.15744784033367,0.9065293693079064,723.44
2016-02-25 13:15:00,1.183112617665587,3.5029342979812648,2.3198216803156764,5.822755978296941,22.09181903859483,1.2119296265381652,725.65
2016-02-25 13:30:00,0.4469542797705924,3.2841661078725863,2.8372118281019936,6.1213779359745795,21.7249800688024,0.9810046886476764,727.301
2016-02-25 13:45:00,0.9934917486773704,3.4094538629862656,2.4159621143088956,5.825415977295163,22.259933273724577,1.2539085527523208,728.3
2016-02-25 14:00:00,-0.027635680499780744,3.361897383959467,3.389533064459248,6.7514304484187155,22.40386499498537,1.7056592337284502,727.994
2016-02-25 14:15:00,0.0056498867691324025,2.869983728915507,2.864333842146374,5.734317571061883,22.200726107749194,1.233147047917219,727.557
2016-02-25 14:30:00,0.6824155100951786,3.4475197843838323,2.765104274288656,6.2126240586724855,22.4202989366466,0.7865673532216899,726.99
2016-02-25 14:45:00,1.2236486712289647,3.4593889255465466,2.2357402543175806,5.695129179864128,21.17496989855005,0.8752461432497661,725.08
2016-02-25 15:00:00,0.7163352017290411,3.383108741680599,2.666773539951558,6.049882281632158,22.235294388565087,1.3057959479011019,725.1
2016-02-25 15:15:00,0.8087884182717122,3.516419579329081,2.707631161057368,6.224050740386449,23.17943139921432,1.6176701824296171,726.43
2016-02-25 15:30:00,0.45593534460053675,3.272809579173438,2.8168742345729014,6.08968381374634,22.275515910080767,1.157883232332048,725.59
2016-02-25 15:45:00,-0.03208272094358742,3.034247954069511,3.066330675013097,6.100578629082607,21.691835095049008,1.2971548698510655,726.94
2016-02-26 09:45:00,-1.27692123262423,2.8652345532247288,4.14215578584896,7.00739033907369,23.817618703453512,1.362851078584387,733.013
2016-02-26 10:00:00,-0.9900204883536076,2.64009021295431,3.6301107013079172,6.270200914262227,22.61990385101979,1.1524798911556953,734.5
2016-02-26 10:15:00,-0.37000057872199277,2.814710532913001,3.184711111634994,5.999421644547995,21.66132484062163,1.3506644814750333,732.011
2016-02-26 10:30:00,-0.3847248507911774,2.936623139114523,3.3213479899056995,6.257971129020221,22.661779098624777,1.548014440917585,729.74
2016-02-26 10:45:00,-0.7669116683058343,3.203213231793396,3.9701249000992314,7.173338131892629,22.361678977122352,1.0806672844139962,732.7
2016-02-26 11:00:00,-1.356301369312507,2.9524875589338873,4.308788928246393,7.261276487180279,21.567656140905527,1.441950370246591,732.619
2016-02-26 11:15:00,-1.4549073762433704,2.434237213335779,3.889144589579149,6.323381802914929,21.33153602208945,0.7865164198964923,730.22
2016-02-26 11:30:00,-0.4448712973886558,2.9949689687776586,3.4398402661663114,6.434809234943968,21.81621495287542,0.9217889807434622,729.743
2016-02-26 11:45:00,-0.854341075516902,2.6163848782102597,3.470725953727162,6.087110831937422,22.288924958535087,0.7498855121977339,728.49
2016-02-26 12:00:00,-1.1085064520530774,2.795456400657739,3.9039628527108166,6.699419253368554,22.09107834318984,1.3299497279460706,725.61
2016-02-26 12:15:00,-1.315352871553777,2.9381999117676134,4.253552783321392,7.191752695089007,22.56494207436332,0.8007731822282321,725.279
2016-02-26 12:30:00,-0.2803992450178111,2.8876141019493535,3.168013346967165,6.05562744891652,21.069893496034965,1.1498991100379856,724.58
2016-02-26 12:45:00,0.16914571390756689,3.156500740201155,2.987355026293588,6.143855766494744,22.776300030467016,1.0476160711530427,724.24
2016-02-26 13:00:00,-0.10804302895301726,3.2760468258679056,3.3840898548209224,6.660136680688828,22.58782604979493,0.9214599326461155,725.802
2016-02-26 13:15:00,-0.3763791663887524,2.927866485246234,3.304245651634986,6.232112136881217,21.7077118110689,1.5407805965532748,724.84
2016-02-26 13:30:00,-1.3902357078956418,2.743077997599652,4.133313705495295,6.876391703094945,22.1801422070487,0.9823523965313575,724.75
2016-02-26 13:45:00,-0.16615911786939858,3.271349577279403,3.437508695148801,6.708858272428203,22.85342487018523,1.2465318634320812,723.753
2016-02-26 14:00:00,0.36665811788050234,3.332072431818938,2.965414313938436,6.297486745757374,22.730024917701016,0.8267951360390481,722.9
2016-02-26 14:15:00,-0.4278683828595703,2.9200040406887164,3.347872423548287,6.267876464237002,22.55907349288403,1.4329693547012643,722.91
2016-02-26 14:30:00,-1.0314303274024321,2.5403412175899156,3.571771544992346,6.112112762582262,23.79974967594202,0.9356847257135813,724.52
2016-02-26 14:45:00,-0.47981482479104043,2.8947068555526507,3.3745216803436935,6.269228535896342,21.76309939358999,0.990905342737946,724.5
2016-02-26 15:00:00,-0.5689265660264048,3.1771578753039607,3.7460844413303658,6.923242316634326,22.542151192478244,1.05562550254869,723.12
2016-02-26 15:15:00,0.19694049224863988,3.4514880473408995,3.254547555092259,6.7060356024331575,22.65844220170135,1.2676251410800452,724.353
2016-02-26 15:30:00,-0.14430446597294605,2.934121037657569,3.0784255036305144,6.012546541288081,22.94993220224597,1.3694086687709022,724.99
2016-02-26 15:45:00,-0.05751494830992282,2.976085140917571,3.033600089227493,6.009685230145064,22.825168886660983,1.408493836141275,725.866
2016-02-29 09:45:00,-0.05350933731726469,2.927839654995928,2.981348992313191,5.909188647309118,22.499742455579018,1.5102211986747829,725.11
2016-02-29 10:00:00,1.8825482491340815,4.4125702793698665,2.530022030235788,6.942592309605657,21.808075401665487,1.6138295515871968,726.52
2016-02-29 10:15:00,0.08382700293940568,3.4592489365280645,3.3754219335886595,6.834670870116725,22.577142446948262,1.659096567534781,727.61
2016-02-29 10:30:00,0.3687479651461797,3.0917285050391,2.7229805398929194,5.81470904493202,22.57700813418412,1.5367961856766368,729.63
2016-02-29 10:45:00,1.2225307106264782,3.6194132986815535,2.3968825880550746,6.0162958867366285,21.979929641058288,1.2252374362657033,727.564
2016-02-29 11:00:00,0.026138876137508933,2.5999643381968705,2.5738254620593626,5.173789800256234,20.16635513541412,1.104519600976818,726.282
2016-02-29 11:15:00,1.1179159654706428,3.6488322003166638,2.5309162348460204,6.179748435162683,22.523626978576637,1.3940206895433342,725.69
2016-02-29 11:30:00,1.1994943051600424,3.5148098101242184,2.315315504964174,5.8301253150883925,22.829406589131775,1.291736481449101,726.4
2016-02-29 11:45:00,1.9599979850672347,3.8094767642055003,1.8494787791382654,5.658955543343765,22.75224900535598,1.3451198970511926,730.02
2016-02-29 12:00:00,1.1247411908289413,3.686301614343745,2.5615604235148033,6.247862037858549,23.063550136107768,1.0103813351444273,728.12
2016-02-29 12:15:00,1.340102854814788,3.6577210064137358,2.3176181515989485,5.975339158012685,21.70303124556004,1.0419026428178748,727.83
2016-02-29 12:30:00,-0.37791057448894605,2.9527284835258403,3.3306390580147873,6.283367541540628,22.176881013369606,1.294711621667775,727.53
2016-02-29 12:45:00,1.732765553848285,4.009717268058019,2.2769517142097335,6.286668982267751,21.46032452360679,1.07858086472798,729.27
2016-02-29 13:00:00,1.0802310019957782,3.4865022540224873,2.406271252026708,5.892773506049194,21.972354364197443,1.1830446358547704,730.48
2016-02-29 13:15:00,1.1806436235489046,3.7538760226985093,2.5732323991496058,6.327108421848115,21.322978115204226,0.9785998679465071,728.51
2016-02-29 13:30:00,0.7915889709871273,3.264947101208243,2.473358130221116,5.7383052314293606,21.914331087220354,1.4080452340190353,726.48
2016-02-29 13:45:00,-0.7052127208473683,2.6299266011831626,3.3351393220305323,5.965065923213696,22.019088933680987,0.922692364449935,727.758
2016-02-29 14:00:00,1.1380800145919072,3.5689734300092826,2.4308934154173736,5.999866845426656,22.568658469078127,1.450670030842881,727.24
2016-02-29 14:15:00,-0.37804354130763573,2.5490936656078422,2.927137206915478,5.47623087252332,21.30992727713352,1.0754249890602432,725.445
2016-02-29 14:30:00,0.923343801704756,3.442466214401488,2.5191224126967304,5.961588627098218,22.686736312976453,1.1039887710403655,724.64
2016-02-29 14:45:00,0.34452014176912843,3.4777083015064156,3.1331881597372875,6.6108964612437,22.400916837304738,1.257948768699628,721.912
2016-02-29 15:00:00,0.30120003407770535,3.2522041987423647,2.951004164664658,6.203208363407021,22.079468391158365,1.2961388366554742,721.825
2016-02-29 15:15:00,0.18178880039198378,3.2753191309812295,3.0935303305892443,6.368849461570473,21.575043800566704,1.1548450603163318,720.19
2016-02-29 15:30:00,0.17674310996905684,2.974691129175409,2.797948019206351,5.77263914838176,21.81328533264495,1.232816924742586,721.26
2016-02-29 15:45:00,0.04472327276836525,3.3011759373410143,3.2564526645726475,6.557628601913661,22.221690196499488,0.8635990445052297,721.67
